frame,card1Name,card1Label,card2Name,card2Label,card3Name,card3Label,card4Name,card4Label,cardPlayedName,cardPlayedLabel,slotPlayed,elixir,predicted_cardPlayed,y_cardPlayed,y_elixirConsumed,predicted_elixirConsumed
00960,Bomb Tower,12.0,The Log,97.0,Goblins,45.0,Mighty Miner,65.0,,,,8,False,False,0.0,0.0
00975,Bomb Tower,12.0,The Log,97.0,Goblins,45.0,Mighty Miner,65.0,,,,8,False,False,0.0,0.0
00990,Bomb Tower,12.0,The Log,97.0,Goblins,45.0,Mighty Miner,65.0,,,,8,False,False,0.0,0.0
01005,Bomb Tower,12.0,The Log,97.0,Goblins,45.0,Mighty Miner,65.0,,,,8,False,False,0.0,0.0
01020,Bomb Tower,12.0,The Log,97.0,Goblins,45.0,Mighty Miner,65.0,,,,8,False,False,0.0,0.0
01035,Bomb Tower,12.0,The Log,97.0,Goblins,45.0,Mighty Miner,65.0,,,,9,False,False,0.0,0.0
01050,Bomb Tower,12.0,The Log,97.0,Goblins,45.0,Mighty Miner,65.0,,,,9,False,False,0.0,0.0
01065,Bomb Tower,12.0,The Log,97.0,Goblins,45.0,Mighty Miner,65.0,,,,9,False,False,0.0,0.0
01080,Bomb Tower,12.0,The Log,97.0,Goblins,45.0,Mighty Miner,65.0,,,,9,False,False,0.0,0.0
01095,Bomb Tower,12.0,The Log,97.0,Goblins,45.0,Mighty Miner,65.0,,,,9,False,False,0.0,0.0
01110,Bomb Tower,12.0,The Log,97.0,Goblins,45.0,Mighty Miner,65.0,,,,10,False,False,0.0,0.0
01125,Bomb Tower,12.0,The Log,97.0,Goblins,45.0,Mighty Miner,65.0,,,,10,False,False,0.0,0.0
01140,Bomb Tower,12.0,The Log,97.0,Goblins,45.0,Mighty Miner,65.0,,,,10,False,False,0.0,0.0
01155,Bomb Tower,12.0,The Log,97.0,Goblins,45.0,Mighty Miner,65.0,,,,10,False,False,0.0,0.0
01170,Bomb Tower,12.0,The Log,97.0,Goblins,45.0,Mighty Miner,65.0,,,,10,False,False,0.0,0.0
01185,Bomb Tower,12.0,Archers,109.0,Goblins,45.0,Mighty Miner,65.0,The Log,97.0,2.0,8,True,True,2.0,2.0
01200,Bomb Tower,12.0,Archers,109.0,Goblins,45.0,Mighty Miner,65.0,,,,8,False,False,0.0,0.0
01215,Bomb Tower,12.0,Archers,109.0,Goblins,45.0,Mighty Miner,65.0,,,,8,False,False,0.0,0.0
01230,Bomb Tower,12.0,Archers,109.0,Goblins,45.0,Mighty Miner,65.0,,,,8,False,False,0.0,0.0
01245,Bomb Tower,12.0,Archers,109.0,Goblins,45.0,Mighty Miner,65.0,,,,8,False,False,0.0,0.0
01260,Bomb Tower,12.0,Archers,109.0,Goblins,45.0,Mighty Miner,65.0,,,,8,False,False,0.0,0.0
01275,Bomb Tower,12.0,Archers,109.0,Poison,77.0,Mighty Miner,65.0,Goblins,45.0,3.0,7,True,True,1.0,2.0
01290,Bomb Tower,12.0,Archers,109.0,Poison,77.0,Mighty Miner,65.0,,,,7,False,False,0.0,0.0
01305,Bomb Tower,12.0,Archers,109.0,Poison,77.0,Mighty Miner,65.0,,,,7,False,False,0.0,0.0
01320,Bomb Tower,12.0,Archers,109.0,Poison,77.0,Mighty Miner,65.0,,,,7,False,False,0.0,0.0
01335,Bomb Tower,12.0,Archers,109.0,Poison,77.0,Mighty Miner,65.0,,,,7,False,False,0.0,0.0
01350,Bomb Tower,12.0,Archers,109.0,Poison,77.0,Mighty Miner,65.0,,,,8,False,False,0.0,0.0
01365,Bomb Tower,12.0,Archers,109.0,Poison,77.0,Mighty Miner,65.0,,,,8,False,False,0.0,0.0
01380,Bomb Tower,12.0,Archers,109.0,Poison,77.0,Mighty Miner,65.0,,,,8,False,False,0.0,0.0
01395,Bomb Tower,12.0,Archers,109.0,Poison,77.0,Mighty Miner,65.0,,,,8,False,False,0.0,0.0
01410,Bomb Tower,12.0,Archers,109.0,Poison,77.0,Mighty Miner,65.0,,,,8,False,False,0.0,0.0
01425,Bomb Tower,12.0,Archers,109.0,Poison,77.0,Mighty Miner,65.0,,,,8,False,False,0.0,0.0
01440,Bomb Tower,12.0,Archers,109.0,Poison,77.0,Mighty Miner,65.0,,,,9,False,False,0.0,0.0
01455,Bomb Tower,12.0,Archers,109.0,Poison,77.0,Mighty Miner,65.0,,,,9,False,False,0.0,0.0
01470,Bomb Tower,12.0,Archers,109.0,Poison,77.0,Mighty Miner,65.0,,,,9,False,False,0.0,0.0
01485,Bomb Tower,12.0,Archers,109.0,Poison,77.0,Mighty Miner,65.0,,,,9,False,False,0.0,0.0
01500,Bomb Tower,12.0,Archers,109.0,Poison,77.0,Mighty Miner,65.0,,,,9,False,False,0.0,0.0
01515,Bomb Tower,12.0,Archers,109.0,Poison,77.0,Mighty Miner,65.0,,,,10,False,False,0.0,0.0
01530,Bomb Tower,12.0,Miner,66.0,Poison,77.0,Mighty Miner,65.0,Archers,109.0,2.0,7,True,True,3.0,3.0
01545,Bomb Tower,12.0,Miner,66.0,Poison,77.0,Mighty Miner,65.0,,,,7,False,False,0.0,0.0
01560,Bomb Tower,12.0,Miner,66.0,Poison,77.0,Mighty Miner,65.0,,,,7,False,False,0.0,0.0
01575,Bomb Tower,12.0,Miner,66.0,Poison,77.0,Mighty Miner,65.0,,,,7,False,False,0.0,0.0
01590,Bomb Tower,12.0,Miner,66.0,Poison,77.0,Mighty Miner,65.0,,,,7,False,False,0.0,0.0
01605,Bomb Tower,12.0,Miner,66.0,Poison,77.0,Mighty Miner,65.0,,,,8,False,False,0.0,0.0
01620,Bomb Tower,12.0,Miner,66.0,Poison,77.0,Mighty Miner,65.0,,,,8,False,False,0.0,0.0
01635,Bomb Tower,12.0,Miner,66.0,Poison,77.0,Mighty Miner,65.0,,,,8,False,False,0.0,0.0
01650,Bomb Tower,12.0,Miner,66.0,Poison,77.0,Mighty Miner,65.0,,,,8,False,False,0.0,0.0
01665,Bomb Tower,12.0,Miner,66.0,Poison,77.0,Mighty Miner,65.0,,,,8,False,False,0.0,0.0
01680,Bomb Tower,12.0,Miner,66.0,Poison,77.0,Mighty Miner,65.0,,,,8,False,False,0.0,0.0
01695,Bomb Tower,12.0,Miner,66.0,Poison,77.0,Mighty Miner,65.0,,,,9,False,False,0.0,0.0
01710,Bomb Tower,12.0,Miner,66.0,Poison,77.0,Mighty Miner,65.0,,,,9,False,False,0.0,0.0
01725,Bomb Tower,12.0,Miner,66.0,Poison,77.0,Mighty Miner,65.0,,,,9,False,False,0.0,0.0
01740,Bomb Tower,12.0,Miner,66.0,Poison,77.0,Mighty Miner,65.0,,,,9,False,False,0.0,0.0
01755,Bomb Tower,12.0,Miner,66.0,Poison,77.0,Mighty Miner,65.0,,,,9,False,False,0.0,0.0
01770,Bomb Tower,12.0,Miner,66.0,Poison,77.0,Mighty Miner,65.0,,,,10,False,False,0.0,0.0
01785,Bomb Tower,12.0,Miner,66.0,Poison,77.0,Mighty Miner,65.0,,,,10,False,False,0.0,0.0
01800,Bomb Tower,12.0,Miner,66.0,Poison,77.0,Mighty Miner,65.0,,,,10,False,False,0.0,0.0
01815,Bomb Tower,12.0,Miner,66.0,Poison,77.0,Mighty Miner,65.0,,,,10,False,False,0.0,0.0
01830,Bomb Tower,12.0,Miner,66.0,Poison,77.0,Mighty Miner,65.0,,,,10,False,False,0.0,0.0
01845,Bomb Tower,12.0,Miner,66.0,Wall Breakers,102.0,Mighty Miner,65.0,Poison,77.0,3.0,6,True,True,4.0,4.0
01860,Bomb Tower,12.0,Miner,66.0,Wall Breakers,102.0,Mighty Miner,65.0,,,,6,False,False,0.0,0.0
01875,Bomb Tower,12.0,Miner,66.0,Wall Breakers,102.0,Mighty Miner,65.0,,,,6,False,False,0.0,0.0
01890,Bomb Tower,12.0,Miner,66.0,Wall Breakers,102.0,Mighty Miner,65.0,,,,6,False,False,0.0,0.0
01905,Bomb Tower,12.0,Miner,66.0,Wall Breakers,102.0,Mighty Miner,65.0,,,,6,False,False,0.0,0.0
01920,Bomb Tower,12.0,Miner,66.0,Wall Breakers,102.0,Mighty Miner,65.0,,,,6,False,False,0.0,0.0
01935,Bomb Tower,12.0,Miner,66.0,Wall Breakers,102.0,Mighty Miner,65.0,,,,7,False,False,0.0,0.0
01950,Bomb Tower,12.0,Miner,66.0,Wall Breakers,102.0,Mighty Miner,65.0,,,,7,False,False,0.0,0.0
01965,Bomb Tower,12.0,Miner,66.0,Wall Breakers,102.0,Mighty Miner,65.0,,,,7,False,False,0.0,0.0
01980,Bomb Tower,12.0,Miner,66.0,Wall Breakers,102.0,Mighty Miner,65.0,,,,7,False,False,0.0,0.0
01995,Bomb Tower,12.0,Miner,66.0,Wall Breakers,102.0,Mighty Miner,65.0,,,,7,False,False,0.0,0.0
02010,Bomb Tower,12.0,Miner,66.0,Wall Breakers,102.0,Mighty Miner,65.0,,,,8,False,False,0.0,0.0
02025,Bomb Tower,12.0,Miner,66.0,Wall Breakers,102.0,Mighty Miner,65.0,,,,8,False,False,0.0,0.0
02040,Bomb Tower,12.0,Miner,66.0,Wall Breakers,102.0,Mighty Miner,65.0,,,,8,False,False,0.0,0.0
02055,Bomb Tower,12.0,Miner,66.0,Wall Breakers,102.0,Mighty Miner,65.0,,,,8,False,False,0.0,0.0
02070,Bomb Tower,12.0,Miner,66.0,Wall Breakers,102.0,Mighty Miner,65.0,,,,8,False,False,0.0,0.0
02085,Bomb Tower,12.0,Miner,66.0,Wall Breakers,102.0,Mighty Miner,65.0,,,,8,False,False,0.0,0.0
02100,Bomb Tower,12.0,Miner,66.0,Wall Breakers,102.0,Mighty Miner,65.0,,,,9,False,False,0.0,0.0
02115,Bomb Tower,12.0,Miner,66.0,Wall Breakers,102.0,Mighty Miner,65.0,,,,9,False,False,0.0,0.0
02130,Bomb Tower,12.0,Miner,66.0,Wall Breakers,102.0,Mighty Miner,65.0,,,,9,False,False,0.0,0.0
02145,Bomb Tower,12.0,Miner,66.0,Wall Breakers,102.0,Mighty Miner,65.0,,,,9,False,False,0.0,0.0
02160,Bomb Tower,12.0,Miner,66.0,Wall Breakers,102.0,Mighty Miner,65.0,,,,9,False,False,0.0,0.0
02175,Bomb Tower,12.0,Miner,66.0,Wall Breakers,102.0,Mighty Miner,65.0,,,,10,False,False,0.0,0.0
02190,Bomb Tower,12.0,Miner,66.0,Wall Breakers,102.0,Mighty Miner,65.0,,,,10,False,False,0.0,0.0
02205,Bomb Tower,12.0,Miner,66.0,Wall Breakers,102.0,Mighty Miner,65.0,,,,10,False,False,0.0,0.0
02220,Bomb Tower,12.0,Miner,66.0,Wall Breakers,102.0,Mighty Miner,65.0,,,,10,False,False,0.0,0.0
02235,Bomb Tower,12.0,Miner,66.0,Wall Breakers,102.0,Mighty Miner,65.0,,,,10,False,False,0.0,0.0
02250,Bomb Tower,12.0,Miner,66.0,The Log,97.0,Mighty Miner,65.0,Wall Breakers,102.0,3.0,8,True,True,2.0,2.0
02265,Bomb Tower,12.0,Miner,66.0,The Log,97.0,Mighty Miner,65.0,,,,8,False,False,0.0,0.0
02280,Bomb Tower,12.0,Miner,66.0,The Log,97.0,Mighty Miner,65.0,,,,8,False,False,0.0,0.0
02295,Bomb Tower,12.0,Miner,66.0,The Log,97.0,Mighty Miner,65.0,,,,8,False,False,0.0,0.0
02310,Bomb Tower,12.0,Miner,66.0,The Log,97.0,Mighty Miner,65.0,,,,8,False,False,0.0,0.0
02325,Bomb Tower,12.0,Miner,66.0,The Log,97.0,Mighty Miner,65.0,,,,9,False,False,0.0,0.0
02340,Bomb Tower,12.0,Miner,66.0,The Log,97.0,Mighty Miner,65.0,,,,9,False,False,0.0,0.0
02355,Bomb Tower,12.0,Miner,66.0,The Log,97.0,Mighty Miner,65.0,,,,9,False,False,0.0,0.0
02370,Bomb Tower,12.0,Miner,66.0,The Log,97.0,Mighty Miner,65.0,,,,9,False,False,0.0,0.0
02385,Bomb Tower,12.0,Miner,66.0,The Log,97.0,Mighty Miner,65.0,,,,9,False,False,0.0,0.0
02400,Bomb Tower,12.0,Miner,66.0,The Log,97.0,Mighty Miner,65.0,,,,9,False,False,0.0,0.0
02415,Bomb Tower,12.0,Miner,66.0,The Log,97.0,Mighty Miner,65.0,,,,10,False,False,0.0,0.0
02430,Bomb Tower,12.0,Miner,66.0,The Log,97.0,Mighty Miner,65.0,,,,10,False,False,0.0,0.0
02445,Bomb Tower,12.0,Goblins,45.0,The Log,97.0,Mighty Miner,65.0,Miner,66.0,2.0,7,True,True,3.0,3.0
02460,Bomb Tower,12.0,Goblins,45.0,The Log,97.0,Mighty Miner,65.0,,,,7,False,False,0.0,0.0
02475,Bomb Tower,12.0,Goblins,45.0,The Log,97.0,Mighty Miner,65.0,,,,8,False,False,0.0,0.0
02490,Bomb Tower,12.0,Goblins,45.0,The Log,97.0,Mighty Miner,65.0,,,,8,False,False,0.0,0.0
02505,Bomb Tower,12.0,Goblins,45.0,The Log,97.0,Mighty Miner,65.0,,,,8,False,False,0.0,0.0
02520,Bomb Tower,12.0,Goblins,45.0,The Log,97.0,Mighty Miner,65.0,,,,8,False,False,0.0,0.0
02535,Bomb Tower,12.0,Goblins,45.0,The Log,97.0,Mighty Miner,65.0,,,,8,False,False,0.0,0.0
02550,Bomb Tower,12.0,Goblins,45.0,The Log,97.0,Mighty Miner,65.0,,,,8,False,False,0.0,0.0
02565,Bomb Tower,12.0,Goblins,45.0,The Log,97.0,Mighty Miner,65.0,,,,8,False,False,0.0,0.0
02580,Bomb Tower,12.0,Goblins,45.0,The Log,97.0,Mighty Miner,65.0,,,,8,False,False,0.0,0.0
02595,Bomb Tower,12.0,Goblins,45.0,The Log,97.0,Mighty Miner,65.0,,,,8,False,False,0.0,0.0
02610,Bomb Tower,12.0,Goblins,45.0,The Log,97.0,Mighty Miner,65.0,,,,9,False,False,0.0,0.0
02625,Bomb Tower,12.0,Goblins,45.0,The Log,97.0,Mighty Miner,65.0,,,,9,False,False,0.0,0.0
02640,Bomb Tower,12.0,Goblins,45.0,The Log,97.0,Mighty Miner,65.0,,,,9,False,False,0.0,0.0
02655,Bomb Tower,12.0,Goblins,45.0,The Log,97.0,Archers,109.0,Mighty Miner,65.0,4.0,5,True,True,4.0,4.0
02670,Bomb Tower,12.0,Goblins,45.0,The Log,97.0,Archers,109.0,,,,5,False,False,0.0,0.0
02685,Bomb Tower,12.0,Goblins,45.0,The Log,97.0,Archers,109.0,,,,5,False,False,0.0,0.0
02700,Bomb Tower,12.0,Goblins,45.0,The Log,97.0,Archers,109.0,,,,6,False,False,0.0,0.0
02715,Bomb Tower,12.0,Goblins,45.0,The Log,97.0,Archers,109.0,,,,6,False,False,0.0,0.0
02730,Bomb Tower,12.0,Goblins,45.0,The Log,97.0,Archers,109.0,,,,6,False,False,0.0,0.0
02745,Bomb Tower,12.0,Goblins,45.0,The Log,97.0,Archers,109.0,,,,6,False,False,0.0,0.0
02760,Bomb Tower,12.0,Goblins,45.0,The Log,97.0,Archers,109.0,,,,6,False,False,0.0,0.0
02775,Bomb Tower,12.0,Goblins,45.0,The Log,97.0,Archers,109.0,,,,6,False,False,0.0,0.0
02790,Bomb Tower,12.0,Goblins,45.0,The Log,97.0,Archers,109.0,,,,7,False,False,0.0,0.0
02805,Bomb Tower,12.0,Goblins,45.0,The Log,97.0,Archers,109.0,,,,7,False,False,0.0,0.0
02820,Bomb Tower,12.0,Goblins,45.0,The Log,97.0,Archers,109.0,,,,7,False,False,0.0,0.0
02835,Bomb Tower,12.0,Goblins,45.0,The Log,97.0,Archers,109.0,,,,7,False,False,0.0,0.0
02850,Bomb Tower,12.0,Goblins,45.0,The Log,97.0,Archers,109.0,,,,7,False,False,0.0,0.0
02865,Bomb Tower,12.0,Goblins,45.0,The Log,97.0,Archers,109.0,,,,6,False,True,1.0,0.0
02880,Bomb Tower,12.0,Goblins,45.0,The Log,97.0,Archers,109.0,,,,8,False,False,0.0,0.0
02895,Bomb Tower,12.0,Goblins,45.0,The Log,97.0,Archers,109.0,,,,8,False,False,0.0,0.0
02910,Bomb Tower,12.0,Goblins,45.0,The Log,97.0,Archers,109.0,,,,8,False,False,0.0,0.0
02925,Bomb Tower,12.0,Goblins,45.0,The Log,97.0,Archers,109.0,,,,8,False,False,0.0,0.0
02940,Bomb Tower,12.0,Goblins,45.0,The Log,97.0,Archers,109.0,,,,8,False,False,0.0,0.0
02955,Bomb Tower,12.0,Goblins,45.0,The Log,97.0,Archers,109.0,,,,9,False,False,0.0,0.0
02970,Bomb Tower,12.0,Poison,77.0,The Log,97.0,Archers,109.0,Goblins,45.0,2.0,7,True,True,2.0,2.0
02985,Bomb Tower,12.0,Poison,77.0,The Log,97.0,Archers,109.0,,,,7,False,False,0.0,0.0
03000,Bomb Tower,12.0,Poison,77.0,The Log,97.0,Archers,109.0,,,,7,False,False,0.0,0.0
03015,Bomb Tower,12.0,Poison,77.0,The Log,97.0,Archers,109.0,,,,7,False,False,0.0,0.0
03030,Bomb Tower,12.0,Poison,77.0,Wall Breakers,102.0,Archers,109.0,The Log,97.0,3.0,6,True,True,1.0,2.0
03045,Bomb Tower,12.0,Poison,77.0,Wall Breakers,102.0,Archers,109.0,,,,6,False,False,0.0,0.0
03060,Bomb Tower,12.0,Poison,77.0,Wall Breakers,102.0,Archers,109.0,,,,6,False,False,0.0,0.0
03075,Bomb Tower,12.0,Poison,77.0,Wall Breakers,102.0,Archers,109.0,,,,6,False,False,0.0,0.0
03090,Bomb Tower,12.0,Poison,77.0,Wall Breakers,102.0,Archers,109.0,,,,6,False,False,0.0,0.0
03105,Bomb Tower,12.0,Poison,77.0,Wall Breakers,102.0,Archers,109.0,,,,6,False,False,0.0,0.0
03120,Bomb Tower,12.0,Poison,77.0,Wall Breakers,102.0,Archers,109.0,,,,7,False,False,0.0,0.0
03135,Bomb Tower,12.0,Poison,77.0,Wall Breakers,102.0,Archers,109.0,,,,8,False,False,0.0,0.0
03150,Bomb Tower,12.0,Poison,77.0,Wall Breakers,102.0,Archers,109.0,,,,8,False,False,0.0,0.0
03165,Bomb Tower,12.0,Poison,77.0,Wall Breakers,102.0,Archers,109.0,,,,8,False,False,0.0,0.0
03180,Bomb Tower,12.0,Poison,77.0,Wall Breakers,102.0,Archers,109.0,,,,8,False,False,0.0,0.0
03195,Bomb Tower,12.0,Poison,77.0,Wall Breakers,102.0,Archers,109.0,,,,8,False,False,0.0,0.0
03210,Bomb Tower,12.0,Poison,77.0,Wall Breakers,102.0,Archers,109.0,,,,8,False,False,0.0,0.0
03225,Bomb Tower,12.0,Poison,77.0,Wall Breakers,102.0,Archers,109.0,,,,8,False,False,0.0,0.0
03240,Bomb Tower,12.0,Poison,77.0,Wall Breakers,102.0,Archers,109.0,,,,8,False,False,0.0,0.0
03255,Bomb Tower,12.0,Poison,77.0,Wall Breakers,102.0,Archers,109.0,,,,8,False,False,0.0,0.0
03270,Bomb Tower,12.0,Poison,77.0,Wall Breakers,102.0,Archers,109.0,,,,8,False,False,0.0,0.0
03285,Bomb Tower,12.0,Poison,77.0,Wall Breakers,102.0,Archers,109.0,,,,9,False,False,0.0,0.0
03300,Bomb Tower,12.0,Poison,77.0,Wall Breakers,102.0,Archers,109.0,,,,9,False,False,0.0,0.0
03315,Bomb Tower,12.0,Poison,77.0,Wall Breakers,102.0,Archers,109.0,,,,9,False,False,0.0,0.0
03330,Bomb Tower,12.0,Poison,77.0,Miner,66.0,Archers,109.0,Wall Breakers,102.0,3.0,7,True,True,2.0,2.0
03345,Bomb Tower,12.0,Poison,77.0,Miner,66.0,Archers,109.0,,,,7,False,False,0.0,0.0
03360,Bomb Tower,12.0,Poison,77.0,Miner,66.0,Archers,109.0,,,,8,False,False,0.0,0.0
03375,Bomb Tower,12.0,Poison,77.0,Miner,66.0,Archers,109.0,,,,8,False,False,0.0,0.0
03390,Bomb Tower,12.0,Poison,77.0,Miner,66.0,Archers,109.0,,,,8,False,False,0.0,0.0
03405,Bomb Tower,12.0,Poison,77.0,Miner,66.0,Archers,109.0,,,,8,False,False,0.0,0.0
03420,Bomb Tower,12.0,Poison,77.0,Miner,66.0,Archers,109.0,,,,8,False,False,0.0,0.0
03435,Bomb Tower,12.0,Poison,77.0,Miner,66.0,Archers,109.0,,,,8,False,False,0.0,0.0
03450,Bomb Tower,12.0,Poison,77.0,Miner,66.0,Archers,109.0,,,,8,False,False,0.0,0.0
03465,Bomb Tower,12.0,Poison,77.0,Miner,66.0,Archers,109.0,,,,9,False,False,0.0,0.0
03480,Bomb Tower,12.0,Poison,77.0,Miner,66.0,Archers,109.0,,,,9,False,False,0.0,0.0
03495,Bomb Tower,12.0,Poison,77.0,Miner,66.0,Archers,109.0,,,,9,False,False,0.0,0.0
03510,Bomb Tower,12.0,Poison,77.0,Miner,66.0,Archers,109.0,,,,9,False,False,0.0,0.0
03525,Bomb Tower,12.0,Poison,77.0,Miner,66.0,Archers,109.0,,,,9,False,False,0.0,0.0
03540,Bomb Tower,12.0,Poison,77.0,Miner,66.0,Archers,109.0,,,,10,False,False,0.0,0.0
03555,Bomb Tower,12.0,Poison,77.0,Miner,66.0,Goblins,45.0,Archers,109.0,4.0,7,True,True,3.0,3.0
03570,Bomb Tower,12.0,Poison,77.0,Miner,66.0,Goblins,45.0,,,,7,False,False,0.0,0.0
03585,Bomb Tower,12.0,Poison,77.0,Miner,66.0,Goblins,45.0,,,,7,False,False,0.0,0.0
03600,Bomb Tower,12.0,Poison,77.0,Miner,66.0,Goblins,45.0,,,,7,False,False,0.0,0.0
03615,Bomb Tower,12.0,Poison,77.0,Miner,66.0,Goblins,45.0,,,,7,False,False,0.0,0.0
03630,Bomb Tower,12.0,Poison,77.0,Miner,66.0,Goblins,45.0,,,,8,False,False,0.0,0.0
03645,Bomb Tower,12.0,Poison,77.0,Miner,66.0,Goblins,45.0,,,,8,False,False,0.0,0.0
03660,Bomb Tower,12.0,Poison,77.0,Miner,66.0,Goblins,45.0,,,,8,False,False,0.0,0.0
03675,Bomb Tower,12.0,Poison,77.0,Miner,66.0,Goblins,45.0,,,,8,False,False,0.0,0.0
03690,Bomb Tower,12.0,Poison,77.0,Miner,66.0,Goblins,45.0,,,,8,False,False,0.0,0.0
03705,Bomb Tower,12.0,Poison,77.0,Miner,66.0,Goblins,45.0,,,,8,False,False,0.0,0.0
03720,Bomb Tower,12.0,Poison,77.0,Miner,66.0,Goblins,45.0,,,,9,False,False,0.0,0.0
03735,Bomb Tower,12.0,Poison,77.0,Miner,66.0,Goblins,45.0,,,,9,False,False,0.0,0.0
03750,Bomb Tower,12.0,Poison,77.0,Miner,66.0,Goblins,45.0,,,,9,False,False,0.0,0.0
03765,Bomb Tower,12.0,Poison,77.0,Miner,66.0,Goblins,45.0,,,,9,False,False,0.0,0.0
03780,Bomb Tower,12.0,Poison,77.0,Miner,66.0,Goblins,45.0,,,,9,False,False,0.0,0.0
03795,Bomb Tower,12.0,Poison,77.0,Mighty Miner,65.0,Goblins,45.0,Miner,66.0,3.0,7,True,True,2.0,3.0
03810,Bomb Tower,12.0,Poison,77.0,Mighty Miner,65.0,Goblins,45.0,,,,7,False,False,0.0,0.0
03825,Bomb Tower,12.0,Poison,77.0,Mighty Miner,65.0,Goblins,45.0,,,,7,False,False,0.0,0.0
03840,Bomb Tower,12.0,The Log,97.0,Mighty Miner,65.0,Goblins,45.0,Poison,77.0,2.0,3,True,True,4.0,4.0
03855,Bomb Tower,12.0,The Log,97.0,Mighty Miner,65.0,Goblins,45.0,,,,3,False,False,0.0,0.0
03870,Bomb Tower,12.0,The Log,97.0,Mighty Miner,65.0,Goblins,45.0,,,,3,False,False,0.0,0.0
03885,Bomb Tower,12.0,The Log,97.0,Mighty Miner,65.0,Goblins,45.0,,,,4,False,False,0.0,0.0
03900,Bomb Tower,12.0,The Log,97.0,Mighty Miner,65.0,Goblins,45.0,,,,4,False,False,0.0,0.0
03915,Bomb Tower,12.0,The Log,97.0,Mighty Miner,65.0,Goblins,45.0,,,,4,False,False,0.0,0.0
03930,Bomb Tower,12.0,The Log,97.0,Mighty Miner,65.0,Wall Breakers,102.0,Goblins,45.0,4.0,2,True,True,2.0,2.0
03945,Bomb Tower,12.0,The Log,97.0,Mighty Miner,65.0,Wall Breakers,102.0,,,,2,False,False,0.0,0.0
03960,Bomb Tower,12.0,The Log,97.0,Mighty Miner,65.0,Wall Breakers,102.0,,,,2,False,False,0.0,0.0
03975,Bomb Tower,12.0,The Log,97.0,Mighty Miner,65.0,Wall Breakers,102.0,,,,3,False,False,0.0,0.0
03990,Bomb Tower,12.0,The Log,97.0,Mighty Miner,65.0,Wall Breakers,102.0,,,,3,False,False,0.0,0.0
04005,Bomb Tower,12.0,The Log,97.0,Mighty Miner,65.0,Wall Breakers,102.0,,,,3,False,False,0.0,0.0
04020,Bomb Tower,12.0,The Log,97.0,Mighty Miner,65.0,Wall Breakers,102.0,,,,3,False,False,0.0,0.0
04035,Bomb Tower,12.0,The Log,97.0,Mighty Miner,65.0,Wall Breakers,102.0,,,,3,False,False,0.0,0.0
04050,Bomb Tower,12.0,The Log,97.0,Mighty Miner,65.0,Wall Breakers,102.0,,,,4,False,False,0.0,0.0
04065,Bomb Tower,12.0,The Log,97.0,Archers,109.0,Wall Breakers,102.0,Mighty Miner,65.0,3.0,4,True,False,0.0,4.0
04080,Bomb Tower,12.0,The Log,97.0,Archers,109.0,Wall Breakers,102.0,,,,4,False,False,0.0,0.0
04095,Bomb Tower,12.0,The Log,97.0,Archers,109.0,Wall Breakers,102.0,,,,4,False,False,0.0,0.0
04110,Bomb Tower,12.0,The Log,97.0,Archers,109.0,Wall Breakers,102.0,,,,0,False,True,4.0,0.0
04125,Bomb Tower,12.0,The Log,97.0,Archers,109.0,Wall Breakers,102.0,,,,0,False,False,0.0,0.0
04140,Bomb Tower,12.0,The Log,97.0,Archers,109.0,Wall Breakers,102.0,,,,1,False,False,0.0,0.0
04155,Bomb Tower,12.0,The Log,97.0,Archers,109.0,Wall Breakers,102.0,,,,1,False,False,0.0,0.0
04170,Bomb Tower,12.0,The Log,97.0,Archers,109.0,Wall Breakers,102.0,,,,1,False,False,0.0,0.0
04185,Bomb Tower,12.0,The Log,97.0,Archers,109.0,Wall Breakers,102.0,,,,1,False,False,0.0,0.0
04200,Bomb Tower,12.0,The Log,97.0,Archers,109.0,Wall Breakers,102.0,,,,1,False,False,0.0,0.0
04215,Bomb Tower,12.0,The Log,97.0,Archers,109.0,Wall Breakers,102.0,,,,1,False,False,0.0,0.0
04230,Bomb Tower,12.0,The Log,97.0,Archers,109.0,Wall Breakers,102.0,,,,2,False,False,0.0,0.0
04245,Bomb Tower,12.0,The Log,97.0,Archers,109.0,Wall Breakers,102.0,,,,2,False,False,0.0,0.0
04260,Bomb Tower,12.0,The Log,97.0,Archers,109.0,Wall Breakers,102.0,,,,2,False,False,0.0,0.0
04275,Bomb Tower,12.0,The Log,97.0,Archers,109.0,Wall Breakers,102.0,,,,2,False,False,0.0,0.0
04290,Bomb Tower,12.0,The Log,97.0,Archers,109.0,Wall Breakers,102.0,,,,2,False,False,0.0,0.0
04305,Bomb Tower,12.0,The Log,97.0,Archers,109.0,Wall Breakers,102.0,,,,3,False,False,0.0,0.0
04320,Bomb Tower,12.0,The Log,97.0,Archers,109.0,Wall Breakers,102.0,,,,3,False,False,0.0,0.0
04335,Bomb Tower,12.0,The Log,97.0,Archers,109.0,Wall Breakers,102.0,,,,3,False,False,0.0,0.0
04350,Bomb Tower,12.0,The Log,97.0,Archers,109.0,Wall Breakers,102.0,,,,3,False,False,0.0,0.0
04365,Bomb Tower,12.0,The Log,97.0,Archers,109.0,Wall Breakers,102.0,,,,3,False,False,0.0,0.0
04380,Bomb Tower,12.0,The Log,97.0,Archers,109.0,Wall Breakers,102.0,,,,4,False,False,0.0,0.0
04395,Bomb Tower,12.0,The Log,97.0,Archers,109.0,Wall Breakers,102.0,,,,4,False,False,0.0,0.0
04410,Bomb Tower,12.0,The Log,97.0,Archers,109.0,Wall Breakers,102.0,,,,4,False,False,0.0,0.0
04425,Bomb Tower,12.0,The Log,97.0,Archers,109.0,Wall Breakers,102.0,,,,5,False,False,0.0,0.0
04440,Bomb Tower,12.0,The Log,97.0,Archers,109.0,Wall Breakers,102.0,,,,5,False,False,0.0,0.0
04455,Bomb Tower,12.0,The Log,97.0,Archers,109.0,Wall Breakers,102.0,,,,5,False,False,0.0,0.0
04470,Bomb Tower,12.0,The Log,97.0,Archers,109.0,Wall Breakers,102.0,,,,6,False,False,0.0,0.0
04485,Bomb Tower,12.0,The Log,97.0,Archers,109.0,Miner,66.0,Wall Breakers,102.0,4.0,4,True,True,2.0,2.0
04500,Bomb Tower,12.0,The Log,97.0,Archers,109.0,Miner,66.0,,,,4,False,False,0.0,0.0
04515,Bomb Tower,12.0,The Log,97.0,Archers,109.0,Miner,66.0,,,,5,False,False,0.0,0.0
04530,Bomb Tower,12.0,The Log,97.0,Archers,109.0,Miner,66.0,,,,5,False,False,0.0,0.0
04545,Bomb Tower,12.0,The Log,97.0,Archers,109.0,Miner,66.0,,,,6,False,False,0.0,0.0
04560,Bomb Tower,12.0,The Log,97.0,Archers,109.0,Miner,66.0,,,,6,False,False,0.0,0.0
04575,Bomb Tower,12.0,The Log,97.0,Archers,109.0,Miner,66.0,,,,6,False,False,0.0,0.0
04590,Bomb Tower,12.0,The Log,97.0,Archers,109.0,Miner,66.0,,,,7,False,False,0.0,0.0
04605,Bomb Tower,12.0,The Log,97.0,Archers,109.0,Miner,66.0,,,,7,False,False,0.0,0.0
04620,Bomb Tower,12.0,The Log,97.0,Archers,109.0,Miner,66.0,,,,7,False,False,0.0,0.0
04635,Bomb Tower,12.0,The Log,97.0,Archers,109.0,Miner,66.0,,,,8,False,False,0.0,0.0
04650,Bomb Tower,12.0,The Log,97.0,Archers,109.0,Miner,66.0,,,,8,False,False,0.0,0.0
04665,Bomb Tower,12.0,The Log,97.0,Archers,109.0,Miner,66.0,,,,8,False,False,0.0,0.0
04680,Bomb Tower,12.0,The Log,97.0,Archers,109.0,Miner,66.0,,,,9,False,False,0.0,0.0
04695,Bomb Tower,12.0,The Log,97.0,Archers,109.0,Miner,66.0,,,,9,False,False,0.0,0.0
04710,Bomb Tower,12.0,The Log,97.0,Archers,109.0,Poison,77.0,Miner,66.0,4.0,6,True,True,3.0,3.0
04725,Bomb Tower,12.0,The Log,97.0,Archers,109.0,Poison,77.0,,,,7,False,False,0.0,0.0
04740,Bomb Tower,12.0,The Log,97.0,Archers,109.0,Poison,77.0,,,,7,False,False,0.0,0.0
04755,Bomb Tower,12.0,The Log,97.0,Archers,109.0,Goblins,45.0,Poison,77.0,4.0,3,True,True,4.0,4.0
04770,Bomb Tower,12.0,The Log,97.0,Archers,109.0,Goblins,45.0,,,,4,False,False,0.0,0.0
04785,Bomb Tower,12.0,The Log,97.0,Archers,109.0,Goblins,45.0,,,,4,False,False,0.0,0.0
04800,Bomb Tower,12.0,The Log,97.0,Archers,109.0,Goblins,45.0,,,,5,False,False,0.0,0.0
04815,Bomb Tower,12.0,The Log,97.0,Archers,109.0,Goblins,45.0,,,,5,False,False,0.0,0.0
04830,Bomb Tower,12.0,The Log,97.0,Archers,109.0,Goblins,45.0,,,,5,False,False,0.0,0.0
04845,Bomb Tower,12.0,The Log,97.0,Archers,109.0,Goblins,45.0,,,,6,False,False,0.0,0.0
04860,Bomb Tower,12.0,The Log,97.0,Archers,109.0,Goblins,45.0,,,,6,False,False,0.0,0.0
04875,Bomb Tower,12.0,The Log,97.0,Archers,109.0,Goblins,45.0,,,,6,False,False,0.0,0.0
04890,Poison,77.0,The Log,97.0,Archers,109.0,Goblins,45.0,Bomb Tower,12.0,1.0,3,True,True,3.0,4.0
04905,Poison,77.0,The Log,97.0,Archers,109.0,Goblins,45.0,,,,3,False,False,0.0,0.0
04920,Poison,77.0,The Log,97.0,Wall Breakers,102.0,Goblins,45.0,Archers,109.0,3.0,0,True,True,3.0,3.0
04935,Poison,77.0,The Log,97.0,Wall Breakers,102.0,Goblins,45.0,,,,1,False,False,0.0,0.0
04950,Poison,77.0,The Log,97.0,Wall Breakers,102.0,Goblins,45.0,,,,1,False,False,0.0,0.0
04965,Poison,77.0,The Log,97.0,Wall Breakers,102.0,Goblins,45.0,,,,1,False,False,0.0,0.0
04980,Poison,77.0,The Log,97.0,Wall Breakers,102.0,Goblins,45.0,,,,2,False,False,0.0,0.0
04995,Poison,77.0,The Log,97.0,Wall Breakers,102.0,Goblins,45.0,,,,2,False,False,0.0,0.0
05010,Poison,77.0,The Log,97.0,Wall Breakers,102.0,Goblins,45.0,,,,3,False,False,0.0,0.0
05025,Poison,77.0,The Log,97.0,Wall Breakers,102.0,Goblins,45.0,,,,3,False,False,0.0,0.0
05040,Poison,77.0,The Log,97.0,Wall Breakers,102.0,Goblins,45.0,,,,3,False,False,0.0,0.0
05055,Poison,77.0,The Log,97.0,Wall Breakers,102.0,Goblins,45.0,,,,4,False,False,0.0,0.0
05070,Poison,77.0,The Log,97.0,Wall Breakers,102.0,Goblins,45.0,,,,4,False,False,0.0,0.0
05085,Poison,77.0,The Log,97.0,Wall Breakers,102.0,Goblins,45.0,,,,4,False,False,0.0,0.0
05100,Poison,77.0,The Log,97.0,Miner,66.0,Goblins,45.0,Wall Breakers,102.0,3.0,3,True,True,1.0,2.0
05115,Poison,77.0,The Log,97.0,Miner,66.0,Goblins,45.0,,,,3,False,False,0.0,0.0
05130,Poison,77.0,The Log,97.0,Miner,66.0,Goblins,45.0,,,,3,False,False,0.0,0.0
05145,Poison,77.0,The Log,97.0,Miner,66.0,Goblins,45.0,,,,4,False,False,0.0,0.0
05160,Poison,77.0,The Log,97.0,Miner,66.0,Goblins,45.0,,,,4,False,False,0.0,0.0
05175,Poison,77.0,The Log,97.0,Miner,66.0,Goblins,45.0,,,,4,False,False,0.0,0.0
05190,Poison,77.0,The Log,97.0,Miner,66.0,Goblins,45.0,,,,5,False,False,0.0,0.0
05205,Poison,77.0,The Log,97.0,Miner,66.0,Goblins,45.0,,,,5,False,False,0.0,0.0
05220,Poison,77.0,The Log,97.0,Miner,66.0,Goblins,45.0,,,,6,False,False,0.0,0.0
05235,Poison,77.0,The Log,97.0,Miner,66.0,Goblins,45.0,,,,6,False,False,0.0,0.0
05250,Poison,77.0,The Log,97.0,Miner,66.0,Goblins,45.0,,,,6,False,False,0.0,0.0
05265,Poison,77.0,The Log,97.0,Miner,66.0,Goblins,45.0,,,,7,False,False,0.0,0.0
05280,Poison,77.0,The Log,97.0,Miner,66.0,Goblins,45.0,,,,7,False,False,0.0,0.0
05295,Poison,77.0,The Log,97.0,Miner,66.0,Goblins,45.0,,,,7,False,False,0.0,0.0
05310,Poison,77.0,The Log,97.0,Miner,66.0,Goblins,45.0,,,,8,False,False,0.0,0.0
05325,Poison,77.0,The Log,97.0,Miner,66.0,Goblins,45.0,,,,8,False,False,0.0,0.0
05340,Poison,77.0,The Log,97.0,Miner,66.0,Goblins,45.0,,,,4,False,True,4.0,0.0
05355,Poison,77.0,The Log,97.0,Miner,66.0,Goblins,45.0,,,,5,False,False,0.0,0.0
05370,Poison,77.0,The Log,97.0,Miner,66.0,Goblins,45.0,,,,5,False,False,0.0,0.0
05385,Poison,77.0,The Log,97.0,Miner,66.0,Goblins,45.0,,,,5,False,False,0.0,0.0
05400,Poison,77.0,The Log,97.0,Miner,66.0,Goblins,45.0,,,,6,False,False,0.0,0.0
05415,Poison,77.0,The Log,97.0,Miner,66.0,Goblins,45.0,,,,6,False,False,0.0,0.0
05430,Poison,77.0,The Log,97.0,Miner,66.0,Goblins,45.0,,,,7,False,False,0.0,0.0
05445,Poison,77.0,The Log,97.0,Miner,66.0,Goblins,45.0,,,,7,False,False,0.0,0.0
05460,Poison,77.0,The Log,97.0,Miner,66.0,Goblins,45.0,,,,7,False,False,0.0,0.0
05475,Poison,77.0,The Log,97.0,Miner,66.0,Goblins,45.0,,,,8,False,False,0.0,0.0
05490,Poison,77.0,The Log,97.0,Miner,66.0,Goblins,45.0,,,,8,False,False,0.0,0.0
05505,Poison,77.0,The Log,97.0,Miner,66.0,Goblins,45.0,,,,8,False,False,0.0,0.0
05520,Poison,77.0,The Log,97.0,Miner,66.0,Goblins,45.0,,,,9,False,False,0.0,0.0
05535,Poison,77.0,The Log,97.0,Miner,66.0,Goblins,45.0,,,,9,False,False,0.0,0.0
05550,Poison,77.0,The Log,97.0,Miner,66.0,Goblins,45.0,,,,9,False,False,0.0,0.0
05565,Bomb Tower,12.0,The Log,97.0,Miner,66.0,Goblins,45.0,Poison,77.0,1.0,6,True,True,3.0,4.0
05580,Bomb Tower,12.0,The Log,97.0,Miner,66.0,Goblins,45.0,,,,6,False,False,0.0,0.0
05595,Bomb Tower,12.0,The Log,97.0,Miner,66.0,Goblins,45.0,,,,6,False,False,0.0,0.0
05610,Bomb Tower,12.0,The Log,97.0,Miner,66.0,Goblins,45.0,,,,7,False,False,0.0,0.0
05625,Bomb Tower,12.0,The Log,97.0,Miner,66.0,Goblins,45.0,,,,7,False,False,0.0,0.0
05640,Bomb Tower,12.0,The Log,97.0,Miner,66.0,Goblins,45.0,,,,8,False,False,0.0,0.0
05655,Bomb Tower,12.0,The Log,97.0,Miner,66.0,Goblins,45.0,,,,8,False,False,0.0,0.0
05670,Bomb Tower,12.0,The Log,97.0,Miner,66.0,Goblins,45.0,,,,8,False,False,0.0,0.0
05685,Bomb Tower,12.0,The Log,97.0,Archers,109.0,Goblins,45.0,Miner,66.0,3.0,6,True,True,2.0,3.0
05700,Bomb Tower,12.0,The Log,97.0,Archers,109.0,Goblins,45.0,,,,6,False,False,0.0,0.0
05715,Bomb Tower,12.0,The Log,97.0,Archers,109.0,Goblins,45.0,,,,6,False,False,0.0,0.0
05730,Bomb Tower,12.0,The Log,97.0,Archers,109.0,Goblins,45.0,,,,7,False,False,0.0,0.0
05745,Bomb Tower,12.0,The Log,97.0,Archers,109.0,Goblins,45.0,,,,2,False,False,0.0,0.0
05760,Bomb Tower,12.0,The Log,97.0,Wall Breakers,102.0,Goblins,45.0,Archers,109.0,3.0,4,True,True,5.0,3.0
05775,Bomb Tower,12.0,The Log,97.0,Wall Breakers,102.0,Poison,77.0,Goblins,45.0,4.0,3,True,True,1.0,2.0
05790,Bomb Tower,12.0,The Log,97.0,Wall Breakers,102.0,Poison,77.0,,,,3,False,False,0.0,0.0
05805,Bomb Tower,12.0,The Log,97.0,Wall Breakers,102.0,Poison,77.0,,,,3,False,False,0.0,0.0
05820,Bomb Tower,12.0,The Log,97.0,Wall Breakers,102.0,Poison,77.0,,,,4,False,False,0.0,0.0
05835,Bomb Tower,12.0,The Log,97.0,Wall Breakers,102.0,Poison,77.0,,,,4,False,False,0.0,0.0
05850,Bomb Tower,12.0,The Log,97.0,Wall Breakers,102.0,Miner,66.0,Poison,77.0,4.0,1,True,True,3.0,4.0
05865,Bomb Tower,12.0,The Log,97.0,Wall Breakers,102.0,Miner,66.0,,,,1,False,False,0.0,0.0
05880,Bomb Tower,12.0,The Log,97.0,Wall Breakers,102.0,Miner,66.0,,,,1,False,False,0.0,0.0
05895,Bomb Tower,12.0,The Log,97.0,Wall Breakers,102.0,Miner,66.0,,,,2,False,False,0.0,0.0
05910,Bomb Tower,12.0,The Log,97.0,Wall Breakers,102.0,Miner,66.0,,,,2,False,False,0.0,0.0
05925,Bomb Tower,12.0,The Log,97.0,Wall Breakers,102.0,Miner,66.0,,,,1,False,True,1.0,0.0
05940,Bomb Tower,12.0,The Log,97.0,Wall Breakers,102.0,Miner,66.0,,,,2,False,False,0.0,0.0
05955,Bomb Tower,12.0,The Log,97.0,Wall Breakers,102.0,Miner,66.0,,,,2,False,False,0.0,0.0
05970,Bomb Tower,12.0,The Log,97.0,Wall Breakers,102.0,Miner,66.0,,,,2,False,False,0.0,0.0
05985,Bomb Tower,12.0,The Log,97.0,Wall Breakers,102.0,Miner,66.0,,,,3,False,False,0.0,0.0
06000,Bomb Tower,12.0,The Log,97.0,Wall Breakers,102.0,Miner,66.0,,,,3,False,False,0.0,0.0
06015,Bomb Tower,12.0,The Log,97.0,Wall Breakers,102.0,Miner,66.0,,,,3,False,False,0.0,0.0
06030,Bomb Tower,12.0,The Log,97.0,Wall Breakers,102.0,Miner,66.0,,,,4,False,False,0.0,0.0
06045,Bomb Tower,12.0,The Log,97.0,Wall Breakers,102.0,Miner,66.0,,,,4,False,False,0.0,0.0
06060,Bomb Tower,12.0,The Log,97.0,Wall Breakers,102.0,Miner,66.0,,,,5,False,False,0.0,0.0
06075,Bomb Tower,12.0,The Log,97.0,Wall Breakers,102.0,Miner,66.0,,,,5,False,False,0.0,0.0
06090,Archers,109.0,The Log,97.0,Wall Breakers,102.0,Miner,66.0,Bomb Tower,12.0,1.0,1,True,True,4.0,4.0
06105,Archers,109.0,The Log,97.0,Wall Breakers,102.0,Miner,66.0,,,,2,False,False,0.0,0.0
06120,Archers,109.0,The Log,97.0,Wall Breakers,102.0,Miner,66.0,,,,2,False,False,0.0,0.0
06135,Archers,109.0,The Log,97.0,Wall Breakers,102.0,Miner,66.0,,,,2,False,False,0.0,0.0
06150,Archers,109.0,The Log,97.0,Wall Breakers,102.0,Miner,66.0,,,,3,False,False,0.0,0.0
06165,Archers,109.0,The Log,97.0,Wall Breakers,102.0,Miner,66.0,,,,3,False,False,0.0,0.0
06180,Archers,109.0,The Log,97.0,Wall Breakers,102.0,Miner,66.0,,,,3,False,False,0.0,0.0
06195,Archers,109.0,The Log,97.0,Wall Breakers,102.0,Miner,66.0,,,,4,False,False,0.0,0.0
06210,Archers,109.0,The Log,97.0,Wall Breakers,102.0,Miner,66.0,,,,4,False,False,0.0,0.0
06225,Archers,109.0,The Log,97.0,Wall Breakers,102.0,Miner,66.0,,,,4,False,False,0.0,0.0
06240,Archers,109.0,The Log,97.0,Goblins,45.0,Miner,66.0,Wall Breakers,102.0,3.0,3,True,True,1.0,2.0
06255,Archers,109.0,The Log,97.0,Goblins,45.0,Miner,66.0,,,,3,False,False,0.0,0.0
06270,Archers,109.0,The Log,97.0,Goblins,45.0,Miner,66.0,,,,4,False,False,0.0,0.0
06285,Archers,109.0,The Log,97.0,Mighty Miner,65.0,Miner,66.0,Goblins,45.0,3.0,2,True,True,2.0,2.0
06300,Archers,109.0,The Log,97.0,Mighty Miner,65.0,Miner,66.0,,,,2,False,False,0.0,0.0
06315,Archers,109.0,The Log,97.0,Mighty Miner,65.0,Miner,66.0,,,,3,False,False,0.0,0.0
06330,Archers,109.0,The Log,97.0,Mighty Miner,65.0,Miner,66.0,,,,3,False,False,0.0,0.0
06345,Archers,109.0,The Log,97.0,Mighty Miner,65.0,Miner,66.0,,,,3,False,False,0.0,0.0
06360,Archers,109.0,The Log,97.0,Mighty Miner,65.0,Miner,66.0,,,,4,False,False,0.0,0.0
06375,Archers,109.0,The Log,97.0,Mighty Miner,65.0,Miner,66.0,,,,4,False,False,0.0,0.0
06390,Archers,109.0,The Log,97.0,Mighty Miner,65.0,Miner,66.0,,,,4,False,False,0.0,0.0
06405,Archers,109.0,The Log,97.0,Mighty Miner,65.0,Miner,66.0,,,,5,False,False,0.0,0.0
06420,Archers,109.0,The Log,97.0,Mighty Miner,65.0,Miner,66.0,,,,5,False,False,0.0,0.0
06435,Archers,109.0,The Log,97.0,Mighty Miner,65.0,Miner,66.0,,,,5,False,False,0.0,0.0
06450,Archers,109.0,The Log,97.0,Mighty Miner,65.0,Miner,66.0,,,,6,False,False,0.0,0.0
06465,Archers,109.0,The Log,97.0,Mighty Miner,65.0,Miner,66.0,,,,6,False,False,0.0,0.0
06480,Archers,109.0,The Log,97.0,Mighty Miner,65.0,Miner,66.0,,,,7,False,False,0.0,0.0
06495,Archers,109.0,The Log,97.0,Mighty Miner,65.0,Miner,66.0,,,,7,False,False,0.0,0.0
06510,Archers,109.0,The Log,97.0,Mighty Miner,65.0,Miner,66.0,,,,7,False,False,0.0,0.0
06525,Archers,109.0,The Log,97.0,Mighty Miner,65.0,Miner,66.0,,,,8,False,False,0.0,0.0
06540,Archers,109.0,The Log,97.0,Mighty Miner,65.0,Miner,66.0,,,,8,False,False,0.0,0.0
06555,Archers,109.0,The Log,97.0,Mighty Miner,65.0,Miner,66.0,,,,8,False,False,0.0,0.0
06570,Archers,109.0,The Log,97.0,Poison,77.0,Miner,66.0,Mighty Miner,65.0,3.0,9,True,True,4.0,4.0
06585,Archers,109.0,The Log,97.0,Poison,77.0,Miner,66.0,,,,9,False,False,0.0,0.0
06600,Archers,109.0,The Log,97.0,Poison,77.0,Miner,66.0,,,,5,False,False,0.0,0.0
06615,Archers,109.0,The Log,97.0,Poison,77.0,Miner,66.0,,,,6,False,False,0.0,0.0
06630,Archers,109.0,The Log,97.0,Poison,77.0,Miner,66.0,,,,6,False,False,0.0,0.0
06645,Archers,109.0,The Log,97.0,Poison,77.0,Miner,66.0,,,,6,False,False,0.0,0.0
06660,Archers,109.0,The Log,97.0,Poison,77.0,Miner,66.0,,,,7,False,False,0.0,0.0
06675,Archers,109.0,The Log,97.0,Poison,77.0,Miner,66.0,,,,7,False,False,0.0,0.0
06690,Archers,109.0,The Log,97.0,Poison,77.0,Miner,66.0,,,,8,False,False,0.0,0.0
06705,Archers,109.0,The Log,97.0,Poison,77.0,Miner,66.0,,,,8,False,False,0.0,0.0
06720,Archers,109.0,The Log,97.0,Poison,77.0,Miner,66.0,,,,8,False,False,0.0,0.0
06735,Archers,109.0,Bomb Tower,12.0,Poison,77.0,Miner,66.0,The Log,97.0,2.0,7,True,True,1.0,2.0
06750,Archers,109.0,Bomb Tower,12.0,Poison,77.0,Miner,66.0,,,,7,False,False,0.0,0.0
06765,Archers,109.0,Bomb Tower,12.0,Poison,77.0,Miner,66.0,,,,7,False,False,0.0,0.0
06780,Archers,109.0,Bomb Tower,12.0,Poison,77.0,Miner,66.0,,,,8,False,False,0.0,0.0
06795,Archers,109.0,Bomb Tower,12.0,Poison,77.0,Miner,66.0,,,,8,False,False,0.0,0.0
06810,Archers,109.0,Bomb Tower,12.0,Wall Breakers,102.0,Miner,66.0,Poison,77.0,3.0,4,True,True,4.0,4.0
06825,Archers,109.0,Bomb Tower,12.0,Wall Breakers,102.0,Miner,66.0,,,,5,False,False,0.0,0.0
06840,Archers,109.0,Bomb Tower,12.0,Wall Breakers,102.0,Miner,66.0,,,,5,False,False,0.0,0.0
06855,Archers,109.0,Bomb Tower,12.0,Wall Breakers,102.0,Miner,66.0,,,,5,False,False,0.0,0.0
06870,Archers,109.0,Bomb Tower,12.0,Wall Breakers,102.0,Miner,66.0,,,,6,False,False,0.0,0.0
06885,Archers,109.0,Bomb Tower,12.0,Wall Breakers,102.0,Miner,66.0,,,,6,False,False,0.0,0.0
06900,Archers,109.0,Bomb Tower,12.0,Wall Breakers,102.0,Miner,66.0,,,,7,False,False,0.0,0.0
06915,Archers,109.0,Bomb Tower,12.0,Wall Breakers,102.0,Miner,66.0,,,,7,False,False,0.0,0.0
06930,Archers,109.0,Bomb Tower,12.0,Wall Breakers,102.0,Miner,66.0,,,,7,False,False,0.0,0.0
06945,Goblins,45.0,Bomb Tower,12.0,Wall Breakers,102.0,Miner,66.0,Archers,109.0,1.0,5,True,True,2.0,3.0
06960,Goblins,45.0,Bomb Tower,12.0,Wall Breakers,102.0,Miner,66.0,,,,5,False,False,0.0,0.0
06975,Goblins,45.0,Bomb Tower,12.0,Wall Breakers,102.0,Miner,66.0,,,,5,False,False,0.0,0.0
06990,Goblins,45.0,Bomb Tower,12.0,Wall Breakers,102.0,Miner,66.0,,,,6,False,False,0.0,0.0
07005,The Log,97.0,Bomb Tower,12.0,Wall Breakers,102.0,Miner,66.0,Goblins,45.0,1.0,4,True,True,2.0,2.0
07020,The Log,97.0,Bomb Tower,12.0,Wall Breakers,102.0,Miner,66.0,,,,4,False,False,0.0,0.0
07035,The Log,97.0,Bomb Tower,12.0,Wall Breakers,102.0,Miner,66.0,,,,5,False,False,0.0,0.0
07050,The Log,97.0,Bomb Tower,12.0,Wall Breakers,102.0,Miner,66.0,,,,5,False,False,0.0,0.0
07065,The Log,97.0,Bomb Tower,12.0,Wall Breakers,102.0,Miner,66.0,,,,5,False,False,0.0,0.0
07080,Poison,77.0,Bomb Tower,12.0,Wall Breakers,102.0,Miner,66.0,The Log,97.0,1.0,4,True,True,1.0,2.0
07095,Poison,77.0,Bomb Tower,12.0,Wall Breakers,102.0,Miner,66.0,,,,4,False,False,0.0,0.0
07110,Poison,77.0,Bomb Tower,12.0,Wall Breakers,102.0,Miner,66.0,,,,5,False,False,0.0,0.0
07125,Archers,109.0,Bomb Tower,12.0,Wall Breakers,102.0,Miner,66.0,Poison,77.0,1.0,1,True,True,4.0,4.0
07140,Archers,109.0,Bomb Tower,12.0,Wall Breakers,102.0,Miner,66.0,,,,1,False,False,0.0,0.0
07155,Archers,109.0,Bomb Tower,12.0,Wall Breakers,102.0,Miner,66.0,,,,2,False,False,0.0,0.0
07170,Archers,109.0,Bomb Tower,12.0,Wall Breakers,102.0,Miner,66.0,,,,2,False,False,0.0,0.0
07185,Archers,109.0,Bomb Tower,12.0,Wall Breakers,102.0,Miner,66.0,,,,2,False,False,0.0,0.0
07200,Archers,109.0,Bomb Tower,12.0,Wall Breakers,102.0,Miner,66.0,,,,3,False,False,0.0,0.0
07215,Archers,109.0,Bomb Tower,12.0,Wall Breakers,102.0,Miner,66.0,,,,3,False,False,0.0,0.0
07230,Archers,109.0,Bomb Tower,12.0,Wall Breakers,102.0,Miner,66.0,,,,3,False,False,0.0,0.0
07245,Archers,109.0,Bomb Tower,12.0,Wall Breakers,102.0,Miner,66.0,,,,4,False,False,0.0,0.0
07260,Archers,109.0,Bomb Tower,12.0,Wall Breakers,102.0,Miner,66.0,,,,4,False,False,0.0,0.0
07275,Archers,109.0,Bomb Tower,12.0,Wall Breakers,102.0,Miner,66.0,,,,4,False,False,0.0,0.0
07290,Archers,109.0,Bomb Tower,12.0,Wall Breakers,102.0,Miner,66.0,,,,5,False,False,0.0,0.0
07305,Archers,109.0,Bomb Tower,12.0,Wall Breakers,102.0,Goblins,45.0,Miner,66.0,4.0,2,True,True,3.0,3.0
07320,Archers,109.0,Bomb Tower,12.0,Wall Breakers,102.0,Goblins,45.0,,,,3,False,False,0.0,0.0
07335,Archers,109.0,Bomb Tower,12.0,Wall Breakers,102.0,Goblins,45.0,,,,3,False,False,0.0,0.0
07350,Archers,109.0,Bomb Tower,12.0,Wall Breakers,102.0,Goblins,45.0,,,,3,False,False,0.0,0.0
07365,Archers,109.0,Bomb Tower,12.0,Wall Breakers,102.0,Goblins,45.0,,,,4,False,False,0.0,0.0
07380,Archers,109.0,Bomb Tower,12.0,Wall Breakers,102.0,Goblins,45.0,,,,4,False,False,0.0,0.0
07395,Archers,109.0,Bomb Tower,12.0,Wall Breakers,102.0,Goblins,45.0,,,,4,False,False,0.0,0.0
07410,Archers,109.0,Bomb Tower,12.0,Wall Breakers,102.0,Goblins,45.0,,,,5,False,False,0.0,0.0
07425,Archers,109.0,Bomb Tower,12.0,Wall Breakers,102.0,Goblins,45.0,,,,5,False,False,0.0,0.0
07440,Archers,109.0,Bomb Tower,12.0,Wall Breakers,102.0,Goblins,45.0,,,,5,False,False,0.0,0.0
07455,Archers,109.0,Bomb Tower,12.0,Wall Breakers,102.0,Goblins,45.0,,,,6,False,False,0.0,0.0
07470,The Log,97.0,Bomb Tower,12.0,Wall Breakers,102.0,Goblins,45.0,Archers,109.0,1.0,3,True,True,3.0,3.0
07485,The Log,97.0,Bomb Tower,12.0,Wall Breakers,102.0,Goblins,45.0,,,,3,False,False,0.0,0.0
07500,The Log,97.0,Bomb Tower,12.0,Wall Breakers,102.0,Goblins,45.0,,,,4,False,False,0.0,0.0
07515,The Log,97.0,Bomb Tower,12.0,Wall Breakers,102.0,Goblins,45.0,,,,4,False,False,0.0,0.0
07530,The Log,97.0,Bomb Tower,12.0,Wall Breakers,102.0,Goblins,45.0,,,,5,False,False,0.0,0.0
07545,The Log,97.0,Bomb Tower,12.0,Wall Breakers,102.0,Goblins,45.0,,,,5,False,False,0.0,0.0
07560,The Log,97.0,Bomb Tower,12.0,Wall Breakers,102.0,Goblins,45.0,,,,5,False,False,0.0,0.0
07575,The Log,97.0,Bomb Tower,12.0,Wall Breakers,102.0,Goblins,45.0,,,,6,False,False,0.0,0.0
07590,The Log,97.0,Bomb Tower,12.0,Wall Breakers,102.0,Goblins,45.0,,,,6,False,False,0.0,0.0
07605,The Log,97.0,Bomb Tower,12.0,Wall Breakers,102.0,Goblins,45.0,,,,6,False,False,0.0,0.0
07620,Goblins,45.0,Bomb Tower,12.0,Wall Breakers,102.0,Goblins,45.0,The Log,97.0,1.0,5,True,True,1.0,2.0
07635,Goblins,45.0,Bomb Tower,12.0,Wall Breakers,102.0,Goblins,45.0,,,,5,False,False,0.0,0.0
07650,Goblins,45.0,Bomb Tower,12.0,Wall Breakers,102.0,Goblins,45.0,,,,5,False,False,0.0,0.0
07665,Goblins,45.0,Bomb Tower,12.0,Wall Breakers,102.0,Goblins,45.0,,,,6,False,False,0.0,0.0
07680,Goblins,45.0,Bomb Tower,12.0,Wall Breakers,102.0,Goblins,45.0,,,,6,False,False,0.0,0.0
07695,Goblins,45.0,Bomb Tower,12.0,Wall Breakers,102.0,Goblins,45.0,,,,6,False,False,0.0,0.0
07710,Goblins,45.0,Bomb Tower,12.0,Wall Breakers,102.0,Goblins,45.0,,,,7,False,False,0.0,0.0
07725,Goblins,45.0,Bomb Tower,12.0,Wall Breakers,102.0,Goblins,45.0,,,,7,False,False,0.0,0.0
07740,Goblins,45.0,Bomb Tower,12.0,Wall Breakers,102.0,Goblins,45.0,,,,8,False,False,0.0,0.0
07755,Goblins,45.0,Bomb Tower,12.0,Wall Breakers,102.0,Goblins,45.0,,,,8,False,False,0.0,0.0
07770,Goblins,45.0,Bomb Tower,12.0,Wall Breakers,102.0,Goblins,45.0,,,,8,False,False,0.0,0.0
07785,Goblins,45.0,Bomb Tower,12.0,Wall Breakers,102.0,Goblins,45.0,,,,9,False,False,0.0,0.0
07800,Goblins,45.0,Poison,77.0,Wall Breakers,102.0,Goblins,45.0,Bomb Tower,12.0,2.0,5,True,True,4.0,4.0
07815,Goblins,45.0,Poison,77.0,Wall Breakers,102.0,Goblins,45.0,,,,5,False,False,0.0,0.0
07830,Goblins,45.0,Poison,77.0,Wall Breakers,102.0,Goblins,45.0,,,,6,False,False,0.0,0.0
07845,Goblins,45.0,Poison,77.0,Wall Breakers,102.0,Goblins,45.0,,,,6,False,False,0.0,0.0
07860,Goblins,45.0,Poison,77.0,Wall Breakers,102.0,Goblins,45.0,,,,6,False,False,0.0,0.0
07875,Goblins,45.0,Poison,77.0,Wall Breakers,102.0,Goblins,45.0,,,,7,False,False,0.0,0.0
07890,Goblins,45.0,Poison,77.0,Wall Breakers,102.0,Goblins,45.0,,,,7,False,False,0.0,0.0
07905,Goblins,45.0,Poison,77.0,Wall Breakers,102.0,Goblins,45.0,,,,7,False,False,0.0,0.0
07920,Goblins,45.0,Miner,66.0,Wall Breakers,102.0,Goblins,45.0,Poison,77.0,2.0,4,True,True,3.0,4.0
07935,Goblins,45.0,Miner,66.0,Wall Breakers,102.0,Goblins,45.0,,,,4,False,False,0.0,0.0
07950,Goblins,45.0,Miner,66.0,Wall Breakers,102.0,Goblins,45.0,,,,5,False,False,0.0,0.0
07965,Goblins,45.0,Archers,109.0,Wall Breakers,102.0,Goblins,45.0,Miner,66.0,2.0,2,True,True,3.0,3.0
07980,Goblins,45.0,Archers,109.0,Wall Breakers,102.0,Goblins,45.0,,,,2,False,False,0.0,0.0
07995,Goblins,45.0,Archers,109.0,Wall Breakers,102.0,Goblins,45.0,,,,3,False,False,0.0,0.0
08010,Goblins,45.0,Archers,109.0,Wall Breakers,102.0,Goblins,45.0,,,,3,False,False,0.0,0.0
08025,Goblins,45.0,Archers,109.0,Wall Breakers,102.0,Goblins,45.0,,,,4,False,False,0.0,0.0
08040,Goblins,45.0,Archers,109.0,Wall Breakers,102.0,Goblins,45.0,,,,4,False,False,0.0,0.0
08055,Goblins,45.0,Archers,109.0,Wall Breakers,102.0,The Log,97.0,Goblins,45.0,4.0,3,True,True,1.0,2.0
08070,Goblins,45.0,Archers,109.0,Wall Breakers,102.0,The Log,97.0,,,,4,False,False,0.0,0.0
08085,Goblins,45.0,Bomb Tower,12.0,Wall Breakers,102.0,The Log,97.0,Archers,109.0,2.0,1,True,True,3.0,3.0
08100,Goblins,45.0,Bomb Tower,12.0,Wall Breakers,102.0,The Log,97.0,,,,2,False,False,0.0,0.0
08115,Goblins,45.0,Bomb Tower,12.0,Wall Breakers,102.0,The Log,97.0,,,,2,False,False,0.0,0.0
08130,Goblins,45.0,Bomb Tower,12.0,Wall Breakers,102.0,The Log,97.0,,,,3,False,False,0.0,0.0
08145,Goblins,45.0,Bomb Tower,12.0,Wall Breakers,102.0,The Log,97.0,,,,3,False,False,0.0,0.0
08160,Goblins,45.0,Bomb Tower,12.0,Wall Breakers,102.0,The Log,97.0,,,,4,False,False,0.0,0.0
08175,Goblins,45.0,Bomb Tower,12.0,Wall Breakers,102.0,The Log,97.0,,,,4,False,False,0.0,0.0
08190,Goblins,45.0,Bomb Tower,12.0,Wall Breakers,102.0,The Log,97.0,,,,5,False,False,0.0,0.0
08205,Goblins,45.0,Bomb Tower,12.0,Wall Breakers,102.0,The Log,97.0,,,,5,False,False,0.0,0.0
08220,Goblins,45.0,Bomb Tower,12.0,Poison,77.0,The Log,97.0,Wall Breakers,102.0,3.0,4,True,True,1.0,2.0
08235,Goblins,45.0,Bomb Tower,12.0,Poison,77.0,Miner,66.0,The Log,97.0,4.0,2,True,True,2.0,2.0
08250,Goblins,45.0,Bomb Tower,12.0,Poison,77.0,Miner,66.0,,,,3,False,False,0.0,0.0
08265,Goblins,45.0,Bomb Tower,12.0,Poison,77.0,Miner,66.0,,,,4,False,False,0.0,0.0
08280,Goblins,45.0,Bomb Tower,12.0,Poison,77.0,Miner,66.0,,,,4,False,False,0.0,0.0
08295,Goblins,45.0,Bomb Tower,12.0,Poison,77.0,Miner,66.0,,,,5,False,False,0.0,0.0
08310,Goblins,45.0,Bomb Tower,12.0,Poison,77.0,Miner,66.0,,,,1,False,True,4.0,0.0
08325,Goblins,45.0,Bomb Tower,12.0,Poison,77.0,Miner,66.0,,,,2,False,False,0.0,0.0
08340,Goblins,45.0,Bomb Tower,12.0,Poison,77.0,Miner,66.0,,,,2,False,False,0.0,0.0
08355,Goblins,45.0,Bomb Tower,12.0,Poison,77.0,Miner,66.0,,,,3,False,False,0.0,0.0
08370,Goblins,45.0,Bomb Tower,12.0,Poison,77.0,Miner,66.0,,,,3,False,False,0.0,0.0
08385,Goblins,45.0,Bomb Tower,12.0,Poison,77.0,Miner,66.0,,,,4,False,False,0.0,0.0
08400,Goblins,45.0,Bomb Tower,12.0,Poison,77.0,Miner,66.0,,,,4,False,False,0.0,0.0
08415,Goblins,45.0,Bomb Tower,12.0,Archers,109.0,Miner,66.0,Poison,77.0,3.0,1,True,True,3.0,4.0
08430,Goblins,45.0,Bomb Tower,12.0,Archers,109.0,Miner,66.0,,,,1,False,False,0.0,0.0
08445,Goblins,45.0,Bomb Tower,12.0,Archers,109.0,Miner,66.0,,,,2,False,False,0.0,0.0
08460,Goblins,45.0,Bomb Tower,12.0,Archers,109.0,Miner,66.0,,,,2,False,False,0.0,0.0
08475,Goblins,45.0,Bomb Tower,12.0,Archers,109.0,Miner,66.0,,,,3,False,False,0.0,0.0
08490,Goblins,45.0,Bomb Tower,12.0,Archers,109.0,Miner,66.0,,,,4,False,False,0.0,0.0
08505,Goblins,45.0,Bomb Tower,12.0,Archers,109.0,Wall Breakers,102.0,Miner,66.0,4.0,1,True,True,3.0,3.0
08520,Goblins,45.0,Bomb Tower,12.0,Archers,109.0,Wall Breakers,102.0,,,,2,False,False,0.0,0.0
08535,Goblins,45.0,Bomb Tower,12.0,Archers,109.0,Wall Breakers,102.0,,,,2,False,False,0.0,0.0
08550,Goblins,45.0,Bomb Tower,12.0,Archers,109.0,The Log,97.0,Wall Breakers,102.0,4.0,1,True,True,1.0,2.0
08565,Goblins,45.0,Bomb Tower,12.0,Archers,109.0,The Log,97.0,,,,1,False,False,0.0,0.0
08580,Goblins,45.0,Bomb Tower,12.0,Archers,109.0,The Log,97.0,,,,2,False,False,0.0,0.0
08595,Goblins,45.0,Bomb Tower,12.0,Archers,109.0,The Log,97.0,,,,2,False,False,0.0,0.0
08610,Goblins,45.0,Bomb Tower,12.0,Archers,109.0,The Log,97.0,,,,3,False,False,0.0,0.0
08625,Goblins,45.0,Bomb Tower,12.0,Archers,109.0,The Log,97.0,,,,1,False,True,2.0,0.0
